857
856
786
785
777
768
760
759
757
750
742
739
733
731
724
723
713
712
703
702
698
696
693
687
686
685
684
683
677
676
675
670
669
667
664
663
662
661
660
654
653
647
646
645
643
641
640
639
638
637
633
632
631
630
626
625
623
620
619
618
616
610
609
607
603
602
600
597
596
595
594
593
592
590
588
587
585
584
582
581
580
579
578
577
575
574
573
572
571
570
569
568
567
566
565
563
562
561
560
559
558
556
555
554
552
551
550
549
548
547
545
544
543
540
538
537
536
535
534
530
529
528
527
526
525
524
523
521
520
519
518
517
516
515
514
513
512
511
510
509
508
507
506
505
504
503
502
501
500
499
498
497
495
494
493
492
491
487
486
485
484
480
479
478
472
471
466
465
463
459
458
457
456
452
450
449
448
447
444
443
442
441
440
437
435
434
433
430
428
427
426
425
424
423
420
419
417
416
415
413
412
410
409
408
407
405
402
401
397
394
393
392
389
387
385
384
382
380
377
374
372
370
369
366
365
364
363
361
359
358
357
356
354
350
349
347
342
340
335
334
333
332
328
326
325
321
320
319
318
314
313
312
311
310
308
306
305
304
302
301
299
298
297
296
295
293
292
290
289
288
287
286
285
283
282
281
280
278
277
276
275
274
273
272
271
270
269
268
267
266
265
264
262
261
260
259
258
255
254
253
252
251
248
247
246
245
244
241
240
239
238
237
234
233
232
231
230
229
226
225
224
223
222
219
218
217
216
215
213
212
211
210
209
208
207
205
204
203
202
199
198
196
195
194
192
191
188
187
185
183
181
180
178
176
174
173
171
169
167
166
164
163
162
160
158
157
156
155
153
152
151
149
148
146
145
144
142
141
138
137
135
134
133
131
130
129
128
127
124
123
122
121
120
119
117
116
115
113
110
109
108
107
106
102
101
100
99
98
95
94
93
92
91
90
89
87
85
84
83
82
81
78
77
76
75
74
72
70
69
68
67
66
64
62
61
60
58
57
56
55
54
53
52
51
50
49
48
47
46
45
44
43
42
41
40
39
38
37
36
35
34
33
32
31
30
29
28
27
26
24
23
22
21
16
15
14
13
11
10
9
8
7
6
3
2
0
-1
857
856
786
785
777
768
760
759
757
750
742
739
733
731
724
723
713
712
703
702
698
696
693
687
686
685
684
683
677
676
675
670
669
667
664
663
662
661
660
654
653
647
646
645
643
641
640
639
638
637
633
632
631
630
626
625
623
620
619
618
616
610
609
607
603
602
600
597
596
595
594
593
592
590
588
587
585
584
582
581
580
579
578
577
575
574
573
572
571
570
569
568
567
566
565
563
562
561
560
559
558
556
555
554
552
551
550
549
548
547
545
544
543
540
538
537
536
535
534
530
529
528
527
526
525
524
523
521
520
519
518
517
516
515
514
513
512
511
510
509
508
507
506
505
504
503
502
501
500
499
498
497
495
494
493
492
491
487
486
485
484
480
479
478
472
471
466
465
463
459
458
457
456
452
450
449
448
447
444
443
442
441
440
437
435
434
433
430
428
427
426
425
424
423
420
419
417
416
415
413
412
410
409
408
407
405
402
401
397
394
393
392
389
387
385
384
382
380
377
374
372
370
369
366
365
364
363
361
359
358
357
356
354
350
349
347
342
340
335
334
333
332
328
326
325
321
320
319
318
314
313
312
311
310
308
306
305
304
302
301
299
298
297
296
295
293
292
290
289
288
287
286
285
283
282
281
280
278
277
276
275
274
273
272
271
270
269
268
267
266
265
264
262
261
260
259
258
255
254
253
252
251
248
247
246
245
244
241
240
239
238
237
234
233
232
231
230
229
226
225
224
223
222
219
218
217
216
215
213
212
211
210
209
208
207
205
204
203
202
199
198
196
195
194
192
191
188
187
185
183
181
180
178
176
174
173
171
169
167
166
164
163
162
160
158
157
156
155
153
152
151
149
148
146
145
144
142
141
138
137
135
134
133
131
130
129
128
127
124
123
122
121
120
119
117
116
115
113
110
109
108
107
106
102
101
100
99
98
95
94
93
92
91
90
89
87
85
84
83
82
81
78
77
76
75
74
72
70
69
68
67
66
64
62
61
60
58
57
56
55
54
53
52
51
50
49
48
47
46
45
44
43
42
41
40
39
38
37
36
35
34
33
32
31
30
29
28
27
26
24
23
22
21
16
15
14
13
11
10
9
8
7
6
3
2
0
-1
